{"sections":[{"label":"kitchen","story":0,"center":[-0.71814096,-0.371231,0.86050093]},{"label":"bedroom","story":0,"center":[1.1188111,-0.371231,4.5806913]},{"label":"unidentified","story":0,"center":[-1.4156803,-0.371231,-3.8718908]}],"walls":[{"dimensions":[3.8041728,2.3526313,0],"confidence":{"high":{}},"identifier":"E3C4F96B-9C97-4AA4-B7E2-3248DE2A8CF4","completedEdges":[],"curve":null,"polygonCorners":[],"story":0,"category":{"wall":{}},"parentIdentifier":null,"transform":[-0.9393507,0,0.34295797,0,0,0.99999994,0,0,-0.34295794,0,-0.9393508,0,1.6482449,-0.4111793,6.133853,0.99999994]},{"dimensions":[1.0228167,2.3526313,0],"confidence":{"high":{}},"identifier":"C926525F-5570-4E46-9A21-41DB5ED08D2B","completedEdges":[],"curve":null,"polygonCorners":[],"story":0,"category":{"wall":{}},"parentIdentifier":null,"transform":[-0.34295812,0,-0.9393507,0,0,0.99999994,0,0,0.93935066,0,-0.34295812,0,-4.979861,-0.4111793,-1.6858989,0.99999994]},{"dimensions":[0.27251762,2.3526313,0],"confidence":{"high":{}},"identifier":"7995D451-0FF1-4DE6-8E9C-AF819684C9F8","completedEdges":[],"curve":null,"polygonCorners":[],"story":0,"category":{"wall":{}},"parentIdentifier":null,"transform":[0.07580822,0,0.9971224,0,0,0.99999994,0,0,-0.9971224,0,0.07580824,0,-2.0278656,-0.4111793,-1.5594101,0.99999994]},{"dimensions":[0.34632063,2.3526313,0],"confidence":{"high":{}},"identifier":"3228FADE-9BA6-4E30-901C-A9860C507509","completedEdges":[],"curve":null,"polygonCorners":[],"story":0,"category":{"wall":{}},"parentIdentifier":null,"transform":[-0.87303627,0,-0.4876553,0,0,0.99999994,0,0,0.4876553,0,-0.8730363,0,-1.8870201,-0.4111793,-1.6108344,0.99999994]},{"dimensions":[5.819572,2.3526313,0],"confidence":{"high":{}},"identifier":"E785E0F1-1E55-4F19-A88B-8D3C8AADA15A","completedEdges":[],"curve":null,"polygonCorners":[],"story":0,"category":{"wall":{}},"parentIdentifier":null,"transform":[-0.34295788,0,-0.9393507,0,0,0.99999994,0,0,0.9393507,0,-0.3429579,0,-2.2639492,-0.4111793,0.96460253,0.99999994]},{"dimensions":[3.2876713,2.3526313,0],"confidence":{"high":{}},"identifier":"139F3D88-5441-4839-8BB1-03CE50CDD1D5","completedEdges":[],"curve":null,"polygonCorners":[],"story":0,"category":{"wall":{}},"parentIdentifier":null,"transform":[-0.34295806,0,-0.93935066,0,0,0.99999994,0,0,0.93935066,0,-0.34295806,0,-0.7022482,-0.4111793,5.2420506,0.99999994]},{"dimensions":[3.2876718,2.3526313,0],"confidence":{"high":{}},"identifier":"C3AD2AB7-82FF-45F5-98E4-899FF6F899C7","completedEdges":[],"curve":null,"polygonCorners":[],"story":0,"category":{"wall":{}},"parentIdentifier":null,"transform":[0.34295806,0,0.93935066,0,0,0.99999994,0,0,-0.93935066,0,0.34295806,0,2.8712044,-0.4111793,3.937379,0.99999994]},{"dimensions":[0.98123413,2.3526313,0],"confidence":{"high":{}},"identifier":"BC3B1481-00AB-405B-8B9C-C64E8EF82DCE","completedEdges":[],"curve":null,"polygonCorners":[],"story":0,"category":{"wall":{}},"parentIdentifier":null,"transform":[0.93935066,0,-0.34295794,0,0,0.99999994,0,0,0.3429579,0,0.93935066,0,-4.6943913,-0.4111793,-2.334552,0.99999994]},{"dimensions":[2.2455344,2.3526313,0],"confidence":{"high":{}},"identifier":"2B554635-A2EF-4247-9BDB-27C5278F7E40","completedEdges":[],"curve":null,"polygonCorners":[],"story":0,"category":{"wall":{}},"parentIdentifier":null,"transform":[-0.34295806,0,-0.93935066,0,0,0.99999994,0,0,0.93935066,0,-0.34295806,0,-4.6185913,-0.4111793,-3.557485,0.99999994]},{"dimensions":[2.701366,2.4599998,0],"confidence":{"high":{}},"identifier":"597D3939-26D0-43C6-8361-AB4CAF21EF61","completedEdges":[],"curve":null,"polygonCorners":[],"story":0,"category":{"wall":{}},"parentIdentifier":null,"transform":[0.9291559,0,-0.36968806,0,0,0.99999994,0,0,0.3696881,0,0.9291558,0,-2.0908246,-0.35749507,-5.7167654,0.99999994]},{"dimensions":[1.7648721,2.3526313,0],"confidence":{"high":{}},"identifier":"8FEB3B0A-082E-4AD3-AB6A-DF927886FA14","completedEdges":[],"curve":null,"polygonCorners":[],"story":0,"category":{"wall":{}},"parentIdentifier":null,"transform":[0.93935066,0,-0.342958,0,0,0.99999994,0,0,0.34295797,0,0.9393507,0,-4.174737,-0.4111793,-4.9147954,0.99999994]},{"dimensions":[1.1307418,2.4599998,0],"confidence":{"high":{}},"identifier":"6E281812-EF96-43C2-AE66-D7077A67BD3A","completedEdges":[],"curve":null,"polygonCorners":[],"story":0,"category":{"wall":{}},"parentIdentifier":null,"transform":[-0.35982546,0,-0.9330196,0,0,0.99999994,0,0,0.9330195,0,-0.35982543,0,-3.1423845,-0.35749507,-4.689932,0.99999994]},{"dimensions":[1.207835,2.4599998,0],"confidence":{"high":{}},"identifier":"12646121-5EB1-4D23-A7BC-B98C29F3A7DA","completedEdges":[],"curve":null,"polygonCorners":[],"story":0,"category":{"wall":{}},"parentIdentifier":null,"transform":[0.34295774,0,0.93935084,0,0,0.99999994,0,0,-0.9393509,0,0.34295776,0,-0.6287114,-0.35749507,-5.648806,0.99999994]},{"dimensions":[2.7642782,2.3526313,0],"confidence":{"high":{}},"identifier":"AB44244A-A79A-462C-AA09-E939A1B10B70","completedEdges":[],"curve":null,"polygonCorners":[],"story":0,"category":{"wall":{}},"parentIdentifier":null,"transform":[0.939348,0,-0.34296542,0,0,0.99999994,0,0,0.34296545,0,0.93934804,0,-0.71922666,-0.4111793,-1.8975692,0.99999994]},{"dimensions":[5.0686164,2.3526313,0],"confidence":{"high":{}},"identifier":"AA782113-6C47-47F1-ABAE-3946E26D7357","completedEdges":[],"curve":null,"polygonCorners":[],"story":0,"category":{"wall":{}},"parentIdentifier":null,"transform":[0.3409914,0,0.9400664,0,0,0.99999994,0,0,-0.9400664,0,0.3409914,0,1.4432603,-0.4111793,0.010822609,0.99999994]},{"dimensions":[2.8887756,2.3526313,0],"confidence":{"high":{}},"identifier":"B6E6FBB9-FA3F-439C-BF6E-D16111683346","completedEdges":[],"curve":null,"polygonCorners":[],"story":0,"category":{"wall":{}},"parentIdentifier":null,"transform":[0.34640145,0,0.9380863,0,0,0.99999994,0,0,-0.9380863,0,0.34640148,0,0.07874476,-0.4111793,-3.7265556,0.99999994]},{"dimensions":[1.0228168,2.3526313,0],"confidence":{"high":{}},"identifier":"ADE937CF-5B5A-4BA6-A18C-9072818A52BA","completedEdges":[],"curve":null,"polygonCorners":[],"story":0,"category":{"wall":{}},"parentIdentifier":null,"transform":[-0.3429579,0,-0.93935066,0,0,0.99999994,0,0,0.93935066,0,-0.34295794,0,-4.058138,-0.4111793,-2.022421,0.99999994]},{"dimensions":[3.8041728,2.3526313,0],"confidence":{"high":{}},"identifier":"7ACAC054-2F20-4603-A6FE-EC323C59B2D8","completedEdges":[],"curve":null,"polygonCorners":[],"story":0,"category":{"wall":{}},"parentIdentifier":null,"transform":[-0.9393507,0,0.34295803,0,0,0.99999994,0,0,-0.34295803,0,-0.9393507,0,0.5207114,-0.4111793,3.045576,0.99999994]},{"dimensions":[1.7852408,2.3526313,0],"confidence":{"high":{}},"identifier":"4B59F7C9-0BBA-45CC-94D4-7297090D24EC","completedEdges":[],"curve":null,"polygonCorners":[],"story":0,"category":{"wall":{}},"parentIdentifier":null,"transform":[0.93935066,0,-0.342958,0,0,0.99999994,0,0,0.34295797,0,0.9393507,0,-3.3950453,-0.4111793,-2.8089442,0.99999994]},{"dimensions":[1.6421828,2.3526313,0],"confidence":{"high":{}},"identifier":"4D2EB512-4C5B-44B9-AFC8-519A9577EF75","completedEdges":[],"curve":null,"polygonCorners":[],"story":0,"category":{"wall":{}},"parentIdentifier":null,"transform":[-0.93935066,0,0.34295788,0,0,0.99999994,0,0,-0.34295788,0,-0.9393507,0,-4.033176,-0.4111793,-1.487107,0.99999994]},{"dimensions":[2.6798887,2.3526313,0],"confidence":{"high":{}},"identifier":"8673D1E0-B6A4-4437-B3FC-61CE5C64147D","completedEdges":[],"curve":null,"polygonCorners":[],"story":0,"category":{"wall":{}},"parentIdentifier":null,"transform":[0.93935114,0,-0.3429569,0,0,0.99999994,0,0,0.34295693,0,0.9393511,0,-1.6802716,-0.4111793,-4.6219726,0.99999994]},{"dimensions":[2.626443,2.3526313,0],"confidence":{"high":{}},"identifier":"73D023B7-5552-4971-A8BA-219CC3617A79","completedEdges":[],"curve":null,"polygonCorners":[],"story":0,"category":{"wall":{}},"parentIdentifier":null,"transform":[0.3429561,0,0.93935144,0,0,0.99999994,0,0,-0.93935144,0,0.34295607,0,-2.4885726,-0.4111793,-2.9288535,0.99999994]}],"openings":[{"dimensions":[0.8301053,2.0526314,0],"confidence":{"high":{}},"identifier":"0AA0A83C-94C9-46EC-8BD8-63EA9EEDF2CB","completedEdges":[],"curve":null,"polygonCorners":[],"story":0,"category":{"opening":{}},"parentIdentifier":"8673D1E0-B6A4-4437-B3FC-61CE5C64147D","transform":[0.9393511,0,-0.3429568,0,0,0.99999994,0,0,0.3429568,0,0.9393511,0,-1.6358714,-0.5611793,-4.638183,0.99999994]}],"windows":[{"dimensions":[1.4775139,1.0765973,0],"confidence":{"medium":{}},"identifier":"EF85C5DB-FE3F-4A81-8960-0E285FF0DE63","completedEdges":[],"curve":null,"polygonCorners":[],"story":0,"category":{"window":{}},"parentIdentifier":"E3C4F96B-9C97-4AA4-B7E2-3248DE2A8CF4","transform":[-0.9393508,0,0.34295788,0,0,0.99999994,0,0,-0.34295785,0,-0.9393508,0,1.6243149,0.17541336,6.14259,0.99999994]},{"dimensions":[1.3928919,1.1103326,0],"confidence":{"medium":{}},"identifier":"423A47E7-FD00-48A6-BEA7-3B15FFD34F95","completedEdges":[],"curve":null,"polygonCorners":[],"story":0,"category":{"window":{}},"parentIdentifier":"597D3939-26D0-43C6-8361-AB4CAF21EF61","transform":[0.9291558,0,-0.36968815,0,0,0.99999994,0,0,0.36968812,0,0.9291558,0,-2.0768182,0.14712869,-5.722338,0.99999994]},{"dimensions":[0.56100583,0.75943816,0],"confidence":{"medium":{}},"identifier":"BB298D33-E143-4C78-9453-11096A4F1953","completedEdges":[],"curve":null,"polygonCorners":[],"story":0,"category":{"window":{}},"parentIdentifier":"8FEB3B0A-082E-4AD3-AB6A-DF927886FA14","transform":[0.9393507,0,-0.3429579,0,0,0.99999994,0,0,0.34295788,0,0.9393507,0,-4.080084,0.1658002,-4.9493527,0.99999994]},{"dimensions":[2.6813881,1.6886783,0],"confidence":{"high":{}},"identifier":"BA516F0E-A483-4D7A-B52B-9FA5AAF8B33F","completedEdges":[],"curve":null,"polygonCorners":[],"story":0,"category":{"window":{}},"parentIdentifier":"AA782113-6C47-47F1-ABAE-3946E26D7357","transform":[0.34099144,0,0.94006634,0,0,0.99999994,0,0,-0.94006634,0,0.34099144,0,1.0864013,-0.1092027,-0.9729884,0.99999994]},{"dimensions":[1.1427016,1.0732787,0],"confidence":{"medium":{}},"identifier":"4D0D7950-9769-4FEC-B1F8-75555601B216","completedEdges":[],"curve":null,"polygonCorners":[],"story":0,"category":{"window":{}},"parentIdentifier":"AA782113-6C47-47F1-ABAE-3946E26D7357","transform":[0.34099138,0,0.9400663,0,0,0.9999999,0,0,-0.9400663,0,0.34099138,0,1.8657042,0.17682616,1.1754421,0.99999994]}],"story":0,"referenceOriginTransform":[-0.44304776,0,0.89649796,0,0,0.99999994,0,0,-0.89649796,0,-0.44304776,0,-0.1072147,-0.015140709,-0.057572052,0.99999994],"doors":[{"dimensions":[0.7963126,1.9919758,0],"confidence":{"medium":{}},"identifier":"F6BE4E54-4A6C-4E7C-B5F8-EA96A768C1CB","completedEdges":[],"curve":null,"polygonCorners":[],"story":0,"category":{"door":{"isOpen":false}},"parentIdentifier":"C926525F-5570-4E46-9A21-41DB5ED08D2B","transform":[-0.34295812,0,-0.93935066,0,0,0.99999994,0,0,0.9393506,0,-0.34295812,0,-4.9837074,-0.5915071,-1.6964346,0.99999994]},{"dimensions":[0.903358,2.1113162,0],"confidence":{"medium":{}},"identifier":"AB1C3E4E-8076-4BA1-946B-EF37A0210DF8","completedEdges":[],"curve":null,"polygonCorners":[],"story":0,"category":{"door":{"isOpen":false}},"parentIdentifier":"ADE937CF-5B5A-4BA6-A18C-9072818A52BA","transform":[-0.34295806,0,-0.9393506,0,0,0.99999994,0,0,0.9393506,0,-0.34295806,0,-4.0685916,-0.53183687,-2.0510538,0.99999994]},{"dimensions":[0.8669264,2.1113162,0],"confidence":{"high":{}},"identifier":"145D41BB-4462-48E0-AE02-4712CFC63628","completedEdges":[],"curve":null,"polygonCorners":[],"story":0,"category":{"door":{"isOpen":false}},"parentIdentifier":"8673D1E0-B6A4-4437-B3FC-61CE5C64147D","transform":[0.9393511,0,-0.342957,0,0,0.99999994,0,0,0.34295702,0,0.9393511,0,-2.432878,-0.53183687,-4.3471966,0.99999994]},{"dimensions":[0.6725516,2.0787687,0],"confidence":{"medium":{}},"identifier":"410CF45D-57F1-4740-A2DF-0AAA0E613A18","completedEdges":[],"curve":null,"polygonCorners":[],"story":0,"category":{"door":{"isOpen":true}},"parentIdentifier":"4B59F7C9-0BBA-45CC-94D4-7297090D24EC","transform":[0.93935066,0,-0.34295788,0,0,0.99999994,0,0,0.34295788,0,0.9393507,0,-3.0377297,-0.5481106,-2.9394007,0.99999994]},{"dimensions":[0.7839334,2.0841932,0],"confidence":{"medium":{}},"identifier":"83AFEF14-DB3B-4B3D-9D98-45392BDC0942","completedEdges":[],"curve":null,"polygonCorners":[],"story":0,"category":{"door":{"isOpen":true}},"parentIdentifier":"7ACAC054-2F20-4603-A6FE-EC323C59B2D8","transform":[-0.93935066,0,0.342958,0,0,0.99999994,0,0,-0.34295797,0,-0.9393507,0,0.015260644,-0.54539835,3.2301166,0.99999994]},{"dimensions":[0.78216505,2.0570707,0],"confidence":{"medium":{}},"identifier":"F84084C7-D335-42BC-9200-20A7289A979E","completedEdges":[],"curve":null,"polygonCorners":[],"story":0,"category":{"door":{"isOpen":true}},"parentIdentifier":"73D023B7-5552-4971-A8BA-219CC3617A79","transform":[0.342956,0,0.9393513,0,0,0.99999994,0,0,-0.93935144,0,0.342956,0,-2.192833,-0.5589596,-2.118827,0.99999994]}],"version":2,"floors":[{"dimensions":[5.485967,12.452864,0],"confidence":{"high":{}},"identifier":"F9FD9605-10BB-4B8C-918B-2CE29D918927","completedEdges":[],"curve":null,"polygonCorners":[[-1.1070637,-6.2238164,0],[-1.1048034,-2.9361458,0],[-1.1008018,2.8834252,0],[-2.7429843,2.884554,0],[-2.742281,3.9073706,0],[-1.7610475,3.9066963,0],[-1.7595035,6.1522303,0],[0.0053682327,6.1510167,0],[2.7056813,6.2264338,0],[2.7048507,5.018599,0],[2.7134614,2.129836,0],[2.699369,-2.9387608,0],[2.6971087,-6.226432,0]],"story":0,"category":{"floor":{}},"parentIdentifier":null,"transform":[0.93911463,0,-0.34360367,0,-0.34360376,0,-0.93911463,0,0,0.9999999,0,0,-1.2373486,-1.5874949,0.56092036,0.99999994]}],"objects":[{"dimensions":[1.1747102,0.44563198,2.0799265],"confidence":{"medium":{}},"identifier":"D114332B-D3F3-4D3C-8155-C4D0C6A04265","story":0,"category":{"bed":{}},"attributes":{},"parentIdentifier":null,"transform":[0.9393505,0,-0.34295863,0,0,0.9999999,0,0,0.34295863,0,0.9393504,0,2.11237,-1.3646789,3.5715685,0.99999994]},{"dimensions":[1.751718,0.8768775,0.6303],"confidence":{"medium":{}},"identifier":"41BBB086-2452-4422-8300-5E4315F16E49","story":0,"category":{"storage":{}},"attributes":{"StorageType":"cabinet"},"parentIdentifier":null,"transform":[-0.34295818,0,-0.93935066,0,0,0.99999994,0,0,0.93935066,0,-0.34295818,0,-1.5160475,-1.1490561,2.0941634,0.99999994]},{"dimensions":[0.64943373,0.85425967,0.681416],"confidence":{"medium":{}},"identifier":"3541B4E0-9B54-4F8E-846B-97AD4E6FA308","story":0,"category":{"washerDryer":{}},"attributes":{},"parentIdentifier":null,"transform":[-0.34295702,0,-0.9393511,0,0,1,0,0,0.9393512,0,-0.34295702,0,-2.39343,-1.1603651,-3.9585826,0.99999994]},{"dimensions":[0.5058789,0.9909498,0.5876661],"confidence":{"low":{}},"identifier":"EC792769-CD6D-4DAE-8FCD-EDF40C02B78C","story":0,"category":{"chair":{}},"attributes":{"ChairBackType":"existing","ChairArmType":"existing","ChairLegType":"star","ChairType":"swivel"},"parentIdentifier":null,"transform":[-0.9461142,0,-0.32383326,0,0,0.99999994,0,0,0.32383326,0,-0.9461142,0,0.90788496,-1.09202,1.7812483,0.99999994]},{"dimensions":[2.744334,2.1284547,0.6514635],"confidence":{"high":{}},"identifier":"83BC0838-160B-4666-933C-1D5D79486D26","story":0,"category":{"storage":{}},"attributes":{"StorageType":"cabinet"},"parentIdentifier":null,"transform":[-0.34295824,0,-0.9393506,0,0,0.99999994,0,0,0.9393506,0,-0.34295824,0,-0.3524157,-0.5232676,5.2504573,0.99999994]},{"dimensions":[0.5401805,1.0147233,0.5808299],"confidence":{"low":{}},"identifier":"9AB23044-711F-4F84-BCA3-B08315692EC8","story":0,"category":{"chair":{}},"attributes":{},"parentIdentifier":null,"transform":[-0.92867345,0,0.37089837,0,0,0.99999994,0,0,-0.3708984,0,-0.92867345,0,-0.6750034,-1.0801332,-3.847608,0.99999994]},{"dimensions":[0.59401375,1.7864861,0.6970414],"confidence":{"medium":{}},"identifier":"B26238BF-B01B-48B0-B139-F7638A14F5FA","story":0,"category":{"refrigerator":{}},"attributes":{},"parentIdentifier":null,"transform":[-0.3429577,0,-0.9393507,0,0,0.9999999,0,0,0.93935066,0,-0.34295768,0,-1.8672692,-0.6942519,0.94684726,0.99999994]},{"dimensions":[0.65089834,0.26087117,0.46974587],"confidence":{"low":{}},"identifier":"9DBEED78-6368-46B1-BB55-A5CFA7584ECE","story":0,"category":{"sink":{}},"attributes":{},"parentIdentifier":"41BBB086-2452-4422-8300-5E4315F16E49","transform":[-0.3429583,0,-0.9393506,0,0,0.99999994,0,0,0.9393506,0,-0.3429583,0,-1.6268564,-0.8410529,1.819226,0.99999994]},{"dimensions":[0.65523416,0.8265549,0.4028791],"confidence":{"high":{}},"identifier":"0EF693B9-5CE1-4E66-8B67-A5C27952ED9E","story":0,"category":{"storage":{}},"attributes":{"StorageType":"shelf"},"parentIdentifier":null,"transform":[-0.9393482,0,0.34296486,0,0,0.99999994,0,0,-0.34296483,0,-0.9393482,0,-0.90767115,-1.1742173,-2.3942091,0.99999994]},{"dimensions":[0.44655275,0.83504164,0.46828097],"confidence":{"low":{}},"identifier":"C96E82D4-3B9C-4C3C-99D2-772F41BBE2A6","story":0,"category":{"chair":{}},"attributes":{"ChairBackType":"existing","ChairArmType":"missing","ChairLegType":"four","ChairType":"dining"},"parentIdentifier":"84AA95B4-CD0C-472B-BF87-D7F49850D194","transform":[0.34295672,0,0.93935126,0,0,0.99999994,0,0,-0.93935126,0,0.34295672,0,-1.981608,-1.169974,-3.3780384,0.99999994]},{"dimensions":[2.6507702,1.010223,0.30478463],"confidence":{"medium":{}},"identifier":"EF1C71BC-B0A2-4BC6-8CEA-299FC8BF5D60","story":0,"category":{"storage":{}},"attributes":{"StorageType":"cabinet"},"parentIdentifier":null,"transform":[-0.34295824,0,-0.9393506,0,0,0.9999999,0,0,0.9393505,0,-0.3429582,0,-1.6294304,0.2608858,2.25818,0.99999994]},{"dimensions":[1.1331142,0.7716295,0.56630427],"confidence":{"low":{}},"identifier":"ABB56A9B-B410-44F3-8A61-E9B0630CA47C","story":0,"category":{"storage":{}},"attributes":{"StorageType":"cabinet"},"parentIdentifier":null,"transform":[-0.3598257,0,-0.9330195,0,0,0.99999994,0,0,0.9330195,0,-0.35982573,0,-2.8007033,-1.2016802,-4.8213735,0.99999994]},{"dimensions":[0.5688674,0.88686854,0.42077753],"confidence":{"medium":{}},"identifier":"3C0190DD-8FDF-4548-9C51-6D31C7C99CE9","story":0,"category":{"washerDryer":{}},"attributes":{},"parentIdentifier":null,"transform":[0.9291559,0,-0.36968797,0,0,0.9999999,0,0,0.36968794,0,0.9291559,0,-1.8845232,-1.1440606,-5.572419,0.99999994]},{"dimensions":[0.634541,1.1475265,0.36269134],"confidence":{"low":{}},"identifier":"279FA17F-6151-4068-8B41-F7887B9626A2","story":0,"category":{"storage":{}},"attributes":{"StorageType":"cabinet"},"parentIdentifier":null,"transform":[-0.93935096,0,0.34295747,0,0,0.9999999,0,0,-0.34295744,0,-0.93935084,0,2.9159808,-1.0137316,5.477945,0.99999994]},{"dimensions":[0.61122185,0.8768775,0.58423346],"confidence":{"medium":{}},"identifier":"82152AC4-A9D8-47CC-88DD-1E1E75CD68E4","story":0,"category":{"storage":{}},"attributes":{"StorageType":"cabinet"},"parentIdentifier":null,"transform":[-0.34295806,0,-0.9393506,0,0,0.99999994,0,0,0.9393506,0,-0.34295806,0,-1.1327974,-1.1490561,3.2110336,0.99999994]},{"dimensions":[1.30852,0.8566526,0.7139468],"confidence":{"high":{}},"identifier":"9352DFFF-8C4B-4816-98D8-EA38A92439A9","story":0,"category":{"table":{}},"attributes":{"TableShapeType":"rectangular","TableType":"unidentified"},"parentIdentifier":null,"transform":[0.34099132,0,0.9400664,0,0,0.99999994,0,0,-0.9400664,0,0.34099132,0,1.6356618,-1.1591686,1.5881163,0.99999994]},{"dimensions":[0.6655468,0.9500132,0.76857406],"confidence":{"low":{}},"identifier":"BB035B3D-235A-4EDC-96C1-D49D6B728ABB","story":0,"category":{"washerDryer":{}},"attributes":{},"parentIdentifier":null,"transform":[0.34295675,0,0.9393512,0,0,0.99999994,0,0,-0.9393512,0,0.34295675,0,-1.1031331,-1.1124883,-5.324555,0.99999994]},{"dimensions":[0.5398143,0.29999995,0.40236342],"confidence":{"low":{}},"identifier":"5DED6501-D856-4C01-932F-1A84115FF795","story":0,"category":{"sink":{}},"attributes":{},"parentIdentifier":null,"transform":[-0.34295776,0,-0.9393508,0,0,0.99999994,0,0,0.9393508,0,-0.34295774,0,-4.346077,-0.8709493,-3.8050268,0.99999994]},{"dimensions":[0.57277304,0.049999952,0.5849831],"confidence":{"low":{}},"identifier":"E917AF72-E5E3-4CF1-A12A-6491B07EEF77","story":0,"category":{"stove":{}},"attributes":{},"parentIdentifier":"82152AC4-A9D8-47CC-88DD-1E1E75CD68E4","transform":[-0.34295848,0,-0.93935055,0,0,0.99999994,0,0,0.93935055,0,-0.34295845,0,-1.1390334,-0.68561745,3.1928604,0.99999994]},{"dimensions":[0.6912384,0.79728144,0.6475738],"confidence":{"high":{}},"identifier":"84AA95B4-CD0C-472B-BF87-D7F49850D194","story":0,"category":{"table":{}},"attributes":{"TableShapeType":"rectangular","TableType":"unidentified"},"parentIdentifier":null,"transform":[-0.34295622,0,-0.9393513,0,0,1,0,0,0.93935144,0,-0.34295622,0,-2.2197754,-1.1888542,-3.2910833,0.99999994]}],"coreModel":"XOheLQc05\/UuNq06+4Fe+f+jx\/+W+GbhdX6ySHhJY7WK12cwgFqRLnGsTiMtiNNvy3MgdFeZCymaSdRaP7L1qfVqkvGOfSeYSSCxPDndqI7DjZBAEWfprFO1LyqWuOCTvKV9EgPvR9y+l2paVlmA34t4jEVZ6rva2NzyQ1Ab6ONL9Cdw8P2BhtvWLoG2HvpiJRxOO\/5+qgdP8t5GlFtX88M6c0emVdIQYEi3eyXqXe1KMCs3+4hWJqsrXBTlo7O\/IYbxB\/9bNUHn7Pccu\/OHYRJO9IQG3fhSoMAn\/sAoXsvXCF2SRxAsgf77QmfJArsMYB507qAJ0T5r6wzFW9d4bWiI4IimoGVHyC858DS21iDEXLuWtI3kPgPA15IdmoI4eHu\/gerTojQfbOCzHPsk9IRj3QPqipCtXxdUT4dErOCZfU41I2Vilsk8om38wWdVlvCwa1Q5S676n4VujXGHfdANoS7jnu8a0cNJcmEMGoTA617d73PWbKDArbTHFvMOTbVgWE0FyI7VFfJ5\/1S2u2S8dkC9CMAKjy0QbFPL4x9DcTnSjLOjUvw+oJIEJ3hpdy0RIOr1NjLHtcRG9piFH1FZlDn6XqptQ5rai0eutlijdjOCnNlD89gFP1wiG5z1IBsTkoLbrFOr5rEUrECj56Sf5HZE3FGnII3PAEwgceAR2cRa\/+5fTpY4b9QzoDs4JbuyqJiSegWLgzrd59mL7zBMIVYwfgcb6wZFHvrw+6a3POScKJITq1Mh90sVa5CPVRWzNZhFybPqh8gzHpG3YrOPYij1e19\/lGkG0BajP46055h2fMLKQSqFJTqjThsqVp9LagVYPPb7faygqZ8iGUHZWQjvY0FYmMx1hDmBdUAq6JPiyt05pMKN+IRBRjlRrG9o+q7heWh5blsLOF98tmVnzlcLqG01d+Zy1aXqh5E4Ag+JOpixRQLAtGM3WcHFrSRoYmyYV5SMqfWE1yufFi6i8UY4eo5XrFDvZmZ23QtLMuBSRNqEg0XcMwYkOKwGUv42sV9zXgIbYd6t2MLvLbssDJ5WEmeONcIFJlHtHrwhSYWYNuIBt1KItpIoq3XU6gZzdp\/CMfttvA\/C\/akkj5AE0GOK2WUWaAftwJGue6Ud0Fet+HxyygDmArWXBZgvq5lWdgjhxZNimiat018X0J5dy0in0l89vL\/AE\/7iUQ7LdLzh7rXhNNlJHVggio9ibIsQ6KLjvoq3nQvYdn5Q0kHar3nMRri8ONJCrrh2K67UYEjC3SwLVRarnmC0wQy48hvA38X8BSH8RNvd0g3mie4oA1Mx5Bx3YpVHKCyJJ9jNugCAFxPlH2fpuhwjktXmv9GYOw4X5kHo0rzChEZF1P\/dCOV3HDHfTjphLeqCKOoIoM1cLmjPqEjYTz86A20SMsIroTLgWyXE0IMwoeZkUqFf1Thn6j+\/R+2IPdy5DVpEOHblrmp1pZxiY1tFnEW74tVgZetPED4gE58iN8Bg5wbI2DBV9W0xvkIX6nLOP4jCXOsN9BK5sa10S\/rauV1zoSsbgrtFnwor0kPP3ogWyBdSM8Re8WdwksNL5EFJ6zeMR0Bg8J96DQYCXZK0m+4CT37e7JkqFTMgF6\/1FuwfLf1n8Daso8t9nJoK+zXODRT8Jwhs6F2c\/ZPWivbTnCM\/DaRdjWgYsVwfPhSg5FsPDWw\/MhjbGbfgFwtOlMR8yAJ\/MCA3J\/9fjgiOwdWJ46VxnkgoiuGy7e\/oEl7RnPahfngP0xJcSkQIq1uIgZdt4auTFfYS7UUjVOA2n0XXfLc1NhPS3BIbR11fJoQsDPfjBoAdhX8uCkFeXwCYbOBwUgugoAeltJk+UcSj4y\/0sDzAsHQxjhGOHIeNupZMZlweZxm3GQHfq9mV0Jtkz5g8nIPmhQ6nNfJlWT\/7bxwKy3L1UVeytjeb4xKhz7c\/Iixo\/xApNeywCfUYvJyvx0T7ukgJ1FRIVzgQI3kOLQPhnhquwnHljgT5nnGZZh8AXEtYuLDMNRmH0wRQqydF6S4J\/qwNE8zvHupBMAtyBbarqXTA20UMTnneKxgRnZ7N13iuWer+QJAKYryIlhJf48PvS5Ewvq10wZAqKR27cA4azu6qHlEShy7E8PMS0QyvK6WiH5apOgObmAUUlCgzf0G8ND\/jIyKcx\/v6nIT2hICN6wcUTb9peYL5cnpjMpOyhYJsFL4LonDZG4ctQbxS77SDrLSp8EtN8OJTx5iUUaPtkPe9WzRFMFcbzRvNEhu1WYa1QQqwTZRweLvIDxanbtCtNe0y9Gl8gUBSi5IHpYA7KnbU296FcAp\/irLWLyScSeeSxRlBiztXKeLnY+q88P4+NsXWko2IgLOCCTj2uNepgSkYDJZnPR+OEqRRi6MkzKOLxDbw4ylaYuM1GmoktszI+i9YrLUyylZ9iUU6BCdXaq77RRn5B5Rv2qc8NAfwQP\/EFsvZ4c8agSyceK3AM3GFFJvF+FTnlxwxXqoEfPnz2cuHUj6JH+vxJ7OG88PCAyLKdqQyf7Ve42\/y2lX+dYLRtA8D3qp9m69Nxd3SqBHfaco5L3Ky6xFqbGUKRzNppcRzU2+hURaaYhUB5St55xjsZwVJjaO06u1kFsH9URE4O8XS4naJFeoRL6KRM6gEsEIqzX4UaLw1jLchw1EuwA02FX7w++MS2nypqCwYI\/LwLiJABersDMXMxoPNTTO8Nh2ezBmaXdlCqxjbzVCrEJgKR9uBcPqN15FNt2IhW+TH\/yqdmQmHQEGIKIi96WyjdQu1tDfVBIfmVuyrE6YYU6W88+GVZTcgSYV7tTAmu+VkzdOtNbBpnxeySSKtxKJ+d7WqZFms\/4EP22vS6m7q9gbDyFfrZP5PXgO738fx2GxZ\/eMmqg3QQ4dQ6aedQG6Clke3FrxVX0mlYVRIAH+8FimoQZ+k+WclECW1eM5YZc7zWd71uWsjDP3k965jALFfCzzyJaurUq0Ai0PCRlwU9DD4\/yE0SlFRSCN5iFxADLnHor\/KMOG57Yv96mgU9\/5vVDMoONVNOwqsImsGFdAefYoygS9WXpjOHj9ZINOwADQWA6V3W7\/NHcEvrqiRtLc1f8IjQ+r1ph4Jo61RJ4RYMD8F0FUC+XfyEJtoy\/av7ZfXdltjU4XZlKiuOT2gt+GS7cI1KUJpaLaDMUsfXCxI3DaZf4YuRksOctBED90mfZMKlKig8\/YNmxUIIEfNdynPjaZbLEN\/p7X1HgSuMJOVVZJKMaNuopCGlIBgXj4VkPpBRA8Ne2Ut4T4uPxhrxvujYoEYQ6PWk1wS8U0eqSTq1QCvuS1T89nfQ31Ltbpmk2sba88giHUwDmHG+hsZVBA++ZXh6BojBbonCjQs6fBWAyM2YEUnArmMlcUdA6ZWnljMxWAhpEipoAGv3Ru8MZjmkYdoJv\/X7PYUCjISKZc5LekAaAVaFQcdeBwdj\/tpIjk2ry9I8ql+oHeURbb\/5fXlqFoqPGjYt3hP9pZFX1eP5yc021FdkCMw213H4KgjE\/iQenaAL6pzrXdsIqdp8iU37j3I7By6dH1HFraS5fN4ZolmIFMf5dphXBpE0jYbdq1uTGSGvKRtbwRyVJHVTK7uop62\/9sE9GUWxzuLrGjv7mH2Z0+E\/3cq1xWKk8WwVo4P2I+uE52hRPe2QCbGMGV3LjaqxxpzF+tq+HWeLNUcneISICvnm0JJKNDJ6tvptTn0cqIeHl2djbzmE9Zjfz2txdR\/1tlFGckU6RdBi8OKXZgzISQjtIsqP0op0gCCRx9EsObxme8J68UPrb3Ijf4UY\/7wUOcgoS03fdFOma\/cOn\/GAdW27FZf4QUPq\/JfH+JmUBXsjx7C9UVgwxZpKsX\/o3Jj8yBzfO5CGjl5\/h158\/fyRfWroaEMzydC+dqXQDfhH1FhRsdF+UGxdvHSf2Z+UOhyhaBHuhJwwREsjASjoSsxuY22mhrFRxXr95Ap06xMbVvtrwFtEcRnPQ7jZi+RCydX41VNdVUJoP9Ia02s1SFZDVxRfF3TZjSS7j94bi6pt6OEm9fAcmiU2Zp0qAIPxAJgEWKYaFCyzpwuqOk0l\/ZZJUqv\/PVU\/9+hvPLRk7q+Rn+uEAQX01rmxSzzUxIYvxEQc7zn5jisIn1akphFDgsAVUTB0BPt8hbvyCi62au\/s\/3nP7gFM\/kqMeDVWK8caHmg9o1QpoL1j63sfrcrlo+1zSDIFssMF2zRiMY73dkJHS5DhWP6x8t\/0Jo9VHoal1WUqFTy2mqlb6AloFqcXYrfarq2Vqv76++BaKGYeDTGau1TCezkXkfFd12AwMIOgup68VBI0CnWmufTJi45ygwa4hqJ3uiDeYmaGBPewxU18eiPy9CrPJm2889YdpdsPgO9RQKvtd8PkpKpC7g7b22HzJlqEqEEhS1WNRT\/vo+NHoqI4kzusaW5HFN5RMZcFCu6j7aY2G8bMeAxJFuxIjj64yvJdHQbOk4fm6RDWZLZclefelURpxW2TYdAYSaDsFrXJUW+gJvc9BCKMB9BoShlPqHFKECQQKGpicqCyVN0MjeCo7l82NAAKgbnD2wVYfqq8X\/9\/jOGgRnC1c0+QcJAmI81cfb0Z9QaYzOIaH39WafADKgvsxsmy4FyrFXpqRNcM0j3SQ1pWgVOGZZE32JcYxDLpB4bDI8yE7jOLe6eehqH6Z6GXxG0dhPLv0zOPSEFVxmTmOE2diskXpWa54YsmLeE\/TTfG\/RCsOLljrj2D2EgjdjgwcYkKoQl6q4dfo\/vzwhsZPJARWgdqG9kYrmD\/f3jguKX34XyOS+rYv5McNd\/WS3XxuChkw94UuymKsXb\/2GWyVGzNEFW9yKoUIvn\/l2qRTQv+cEpQK5rztLThWVoaJufC+0G\/2XJtZlvmVxh4RhOt8ils777uH2+UjfnOzIc3hyahepvzRwvOHbk1m0X+So8lsX5hh0u0ZWQrm\/Jxb6DYxtolZFAcbtoQEKg4TK9M1NtTkPec6Awoc3dYeQLriHIH8\/Ics7KD\/4zOUxzHUoA0ji2srmo\/i0qHR+dhjSjLPVqlc9EQUBoBYhj\/YRp\/x3xrZ5AmmGIandYg+39BWt4Ri1\/PwE4s76Yeus1KPtoN52ibXasHb\/6k1dHFQFi\/drnhobMXTdLwexrd6G5xP5Ara84nPzi6ifwI5luOWxfirotUi9jxUgbtN4HENEI+FLWel5qbHAzQohPW5r5xmeMPU+HYWDdmUl3C02JmJM6BqiLK2j+CNRbp1ZWyj3H8OCNeTTSCmiormLqtze1fBTgNCic1Vo9PZZksI7F0cp8fST4awRtPOlrg1y9QFOxP1tkCKiRCQfMz2iAmMaai+vtg69IMzgz4n64ttKMQ1pH7qoNtkrYMKx70VdMuL26gda87oR\/1CSiNuOlWbGhVobQ7ym\/DRj2OY\/umSP0qJPmXT6Zu4C5UYDkqOH6AdOKICAN9NQBf9FisvMuwGLSB4OfR2do2x+EBI44hLGdbTts1KrgxYgRcA9l2xIT3249kEgz3Z5wJ8FHkNlA1k21nSCtjWLs8ruWFPlH1MNdUSGgispoWJXwEs4KT\/CkjPJBg8ROih781cpUelZRgZgM1\/oCV6X2WUQypWjwbKyR9SCPu9y2cKpdzJwwvjmAkyoetoYnVci6NBigCF2MpOfbYa14XgDsLm875DOUblAJjBTeuNNmrF3ZuiK2N+fWqq16rnGFoe6aJj3QyQ1FL0ub9TJ6WkeupjHxRCeWVuTCiGO5szpB\/\/d8RuH9hTwGgtHuXJZxcp4d\/NdGK9SThGuSQGfL9g3RVjiK4G3dNPfKzqLN7NUtKjk93WLigwRIvf6BX0jsUjnmoDnjB2mksDJUlF5daFHmzig0HTG7FaZZG1y1EhoJ9il6ybxOpxPcIh9njoPLAhoDVVLHmstccv79XCgP0ompMhdrP0J9unY6eeRsVT8oP9+4vi1OK4ngHmK8nAIH8HM6sjvVwwfOGobApYUS4Pc04TTTTpEDr+e4Ub4dleuoGtDOaTBeIUedGRw0F9EdmdNYdWALOQaZ3H1eYTcuaAj8QQaJSg3ygfinCp+laWtzmDl0cek8vQww3GYCV60FNZJ6BjZtwivTXWDWD506dLLHYuMrUoKrAH3Ns83YIzBQC0fAMeBBkuVz2kPdBZ72jjW4sPMDnd5XfyzylF1OEIh4OdihpkOUlKRI0RNJMcDMOWdIiw3K8id\/zW1IvTpsy8Ap4PirK+5VFkryxCgZsZP6auwXnx2TPlMhXDePPGFDCIzfoElgIZ9sQxptGxgckVU0CWAwktWAQs2IHaukJvQvOFDtQJHsRK9ojjXbZmhjIVwFahAEObiNQYawJcr2eMHmewv9QT8tZ\/aiezepn38MN+bCVnWzJxrmM+lEIOIxiknAz5Y1OTUxtVC\/7v1Uf7lz0RHwFw1VxlroANnzjcDxPuSW56HNWSn1OyKTtzxCH91aaCDbazBwkXkQYDRJZJ\/ItHFUCrqYKtOkzsjPJO75Ccuigq1NdN\/zOH3yMj7JUbE47ntxq06W3G6I+Am48+793ssSXTe4AwGDNPJ3YeojGTWv2CV01Tqxlwh8TK8xKqCdTHxU9GHkFllD7ne+BXralHAbAXFFNIjSdjo\/RcgRz\/\/eTi8KiARYmnOLiaINzVkAGfaRCu2KHL4wIWdxivjfUKIXNpKuE8nPr73nXZASIXM3qJKX3Z6GvY9nP\/buz7IY3W42eWWeCFZRJuIbbo7cGbMrTP542SEHbq4jFx2E7IFRQu87+UnO0hRA3i424vEti42lnzHhXyvTyDD65ANhgvOjjIwbkWN7UwdS8qD9Ra1bangVbz\/bdGfQGwXx+M+HPNgqUD5i9g3Kc5UX2yD9ggo9sWMhlLBZ2qPJajEQFctvr0DiD5Lk4qOigGXvISC7uuZ9LnF6C57XyChE6nrCu9HsmLh5agpWxtqwledGGQq8wkbRvPVkc1qGWs+A7WAJyAsYjuIMwObeKCDPamS53NEQrNUgxxykr69g3yzjOwVa5GJklINQZwKxZmv2169fTbfdk9A19ZM07uXOvuz3khDZ1UOPy1FDknp66WfJru2phXCeJDZ2em4v03EDRWM5ZoD7wBYHqgt6\/HTK+c3pL8XxB4t1yj8a5Sp\/U5O3vSpect0OsjdWx6Q8Go0LgvxZM1r0a81nOM0AJsyza\/rQRQLbH+5IXpSzje5rLqtLw+4anzHdei\/kcIgw1aszGebrZCCRwJxLtccuS7vqnOnxhtbEAPdOaodJrKgxtWyB8W2zDk1ghJcuS3GARO7m4VssXSumq9iVxebb6MtHgAm1Kk13IgQGVfICVbszHIQjYNdPEvDipOws+tnualhOMDhrIilOzRR4XUyhLgSMVfFTJQ7w1NCb+ETNbquKKAG\/y3DKTBIhabH27WcbV1yQpy6z22243D6N0L5GoQ\/qnvXeVKEADKe0Y0LF+Mxx9RessPHor1Y4mnO9lkftmudEjJi1Ix8KCu+TRbgwn0uwFmx7Man0Hhn0LHLwbUHVWrDtu5j+askv+fp\/Ie\/7OmwdT43I1OtJFdvYuvpdFeV7MYI2q3lbNJJg1EFxOXIVG07J7vws0DPtp6829HFzsjfTAi5lLCOonqmsHBQyOCS7TuNd40yhJjIpG\/\/jamOELfDEEcHQ8DN3Uq+rA91GpkBvA6b9nIs\/A3Gg2mH2Xs2qJymmV3llMU5I9fPZTuyafH63XAuypY7SbpZ79s8cqbEARx56JXgavmsh7Yw63n6DtNqRPxeJkl9w9hZZTIbhBJJGrY30JIVH+P6dFiknsdryU2wHQ03ZblJ2oIAZOUONa4Or10Zz4po3hvO0AwzzM1cksvoNjBXlNd87lHozcMQvu55T3CHzFX3TsGCaxASN+R7Bvgy3j50LcOLk8mNhRuPuxwB94M5cbQK8tbsjwiRinfS+v4c8nC5P\/CVzImy73eyogxQy8\/T30lnceC2Ho9xPUQlAlIZyICl3SqvYbQVrEzsm+um61ofizdcU2xHsSm\/g9s6XvS7Bp\/U0yrEOESZmiEv18Fj+0mKzJ2Wh6AeddDXJOd\/qJPM8HOepqPy9FBWvdH5JRNjRgS+P+sCrIxCust7JQuOD+NAydAVxUtnl68RbtuWSB5aHIzW7SuH0yX6oGiW7yGK408eKOEOy\/ZEaBSw8IVcFF5fL5XZif6M6sXntxEYqbtKkW4vfGJvexYW8jsjtwPUqxahJVZksPUb6bcHCjRz2n37TuZWhZmFIfuWDo6NnPKdsb7DdiFBol8PKCW6WGf5nMETwrMph0LQPusJP69VLHuJ51fuFEO96SFVX+WFi2LampiOXKwxDN+fmjeZrgYixjF7iTIarf4K6Xy5S9de+w\/C3nNCsBkwYEoPqU6cFs9qQ9q+eaLME+5vHEkQpEP0xW5rc3g1rXE4z0SiZp1JIadmIMXfRKDqRv0WOTiT6hpeA1Q54CERnvYzlNLb97Fwbn0rbbx3DV81GEPSAjDDtXtomIFo+QRj\/idbnL78IS7DujjS2mETMEJ\/xzTe2k1AfNa2o80oZjHCJRFMNB3I0D6FucwYBZXqL\/zZu7BPU9zHLxZXtYOj+cvmZ9CzDlhLujDZTx+RvLxlIP\/MmOJ0bpAvVFSM+\/WPhxBw31qLKHf4CGEEo8Pj93lPFBVlHbWYsk\/kSGrGNHT425clYMnhYshySN7Ttur\/BPe6TbSZTHvkUjHPAnfccNAuLbGXCcEmlDyQa9KR3UZIQkSXyJ2B39m2lvayiUx4yuLoa5rvbM7wu9xp166VfkfPSachbPuqKdsSBKglUccLMCp2WVZf3HtitLic31XtdD3GAqBbybnVjhQqQ1Z+5eZqQxCjLLuvBIOL6j7tlMdr75okm3jBYizbrC71ALwSdemHdT1dhm9a2MBm5PtjdKI9CDmbRNRJ6oKj3Nu86wy64iMCkpSD6MTlFbrupUCMzS5+CLWx0MypF71FC5zmZLXGuv0zSZdowldWP7pakVqzj3lOl9ib7EOZ2pF\/UiFvU+TcQZr5s3SzHz9hnC8Q7fQ3BqNxySsmzmHgqw2etSKBBk8XY\/HLaixS4BDVD9g0wF4sAcf3BAvuGyuWpdeU8yYa8qDszn+DVXACd14ddT7\/R6\/zo\/usZvPcDsJBwq8GiqmtrGrbib5Jm\/ZB0M1482k\/3lMeze8e\/MW7GZ6\/Pcpy4cYkzffXz4OkNLBt84fw70NglrcW1f8DZYL8xP9ldf75oFfjtKlq\/9InTFl1in+AYN4H5gbpulFvCFXdqHFrK\/gmR6QZyuPbVMTIPUxhxizXBkqO1mkFAhT4Qpu+adhfJbUxC8\/qJlP41zmhXKWWxVdQfYe7I7PfFqSHxPnPE070w5OkhTDp0Zl7j8r7NOz+yY3r9RErAxo1BM\/Xsmk\/S+lfk7lKBZdMp1QxC73l7dMHI7r3CiXkk3q1MfKPOEvwFJuY9lQa957u8XtvOtO7QX7g\/EWuQnhr4PY6XfaW8kyQUxd4FDHcpE3Pixp0Hfo4XZVXHmzfEuMlrblrTfrhpWdfnenC+K0BN0HYI05s9cEPvij0wSDsaXyFR+VA46pfm8V2lCvr9O5JPfFJojfvCvDc10Tvxaw2PYp3OxP\/\/Z+uV9YzlCgfj0jazI4aD+Y8B+0FCe0onJgT2vSdKjQOFKy0+x5RHmUHTrHoyuWI4M+x9QnYPakolT9t0DReMAcwuLRNoeCCl1q78FteE88mCknJ6NZ8nYttbFLzssPlLNh2lGvr7FfkMmEX9VKjVFNFfEXH5dsmlZ3hZ6HO2dwwbXLF8PaILk3yvo9+\/qUTdyW8ILoms1BJx9BolRieJwHAXK189XpChMMBC1xlbe7OMc0sgeav0fYqXh4SAZZBXBIwYNzsRXQLu1kng6D5v2OJD2LYnlISfi3BjFjZsuvthrmRBUtTbRYd50WlgjlIqJuRhSJLyZ3HKdogjKk2cznaA559GRiR2JnzQ4vmdxZMzju+LCjGnaKoaZMesQl0O8kWvRXfjCJevewLQ6PiuN4l\/ud3jk+7jyXCGfnvrs+SKYwiAiIXfnCGTfoahWUZX1O6uTvCUyfK6TptV8YNKOklN6tJhi78INsvTQ3bIV7jNM\/QQHTHQFMp2W9WsbhqKTaCu+E69SqwT488l\/u4zwBfkK4lIefh\/l5lsNJUZdx2eI9gmfej0YTRaAWXtDT3ujbkjPcAksrTTWugu2PjWNw0eCA5Xkr4zkM46q6bd8YR7F7LLbFXgKbHnl33O+0oavSHV6ghUTzxrZnEw8Ee9JCOpw83JAgr913D5NpwPOOFISbENQZ2WICW+aXBgezAn2eidM7GMbxrHk2lVkAprBsK9fQfwVuM\/bPeGyuZikWCNqeODGbIEMweIQ+dK2xKC5GyuBkBSrgLzrn4AqUsanCtTNhTDpnA3Cd0ILDCImyjD5gKNgLDdJmMGkujBOvoEaTkBn1v6SRGpwGaBfdrqC3Rh2aIaZLv+29G9cPR96OakbmONGmwkRNBIfttpNnjn\/F7MBG2SMq1KWdtASwwRo58w283qRUf5+lXVz\/+KwAem0ok95VBiop8L8tjvhy0MXI7E60fZuwoD\/WEt\/fbNMVllliDNPVJHSh1XwiTOQLk459Q+z+XYs6tZ\/pu4QCfOMwB3WAdmNxn26ikYTYVxN4Jhu\/ksuoL2fvKdncJ9YjsSAvt3HF5sz5XgKsjfCFrw+DxCm3M6u1Qx5sMJpw84utsjIPj96UkHh5KVhfdeMJfyrRUrND3\/3t0THmOVvUYvgt5KAzGHcVz+mH5fVRbqArmxvw2lwz27ZCf6ANZi623\/cDE+yPnUDNxw+3EQAZUE4LNSLPte3H9GpxUdxStMUt\/mxImu91zH9+26pJ\/USLmYC0Ec2Y6NOZWpD87iQmzUQ2UEA+49BW6r2B69UEzYVsE8QyIUgFx0+IG2YnnzYU4nGgoTsDy0xtaGZRYhBFC6N2nFCzkjMfVeEx0cNC0mcija03EP6xJs0Xo6Xl43WBMcVLk2NdvYmBZiUjXILK6pYysVFg0g4d3vy3wz5pKAWR5Q7L90vJfY3AgsEsbXYfZ\/Jl\/s7weyMEGrE+HWvRF2\/1lzlTPAO7kOwedFkTu5jnYJJFIz8ZDZp0ROSQ+ERnbRk1F54mI\/AVdqYd1ng45DQDi1GhzxgtQ3dE847YtZkr5WQ64iSNfIP4TyozMogZTtPA8cKMtAlvqMpORKKVmjOEoWMMQum4gq4NB\/Xh0PjHt6CLvRJkL7\/\/HDNEOzFqjF18kj87sCmCrFbRGb0ifreZvCmtgGkfOLKyYJ8lta\/v4R5HUfVsiW5LgVtpNBwKfm+1z143dAo60w5VPrrXXm8ENqWA332jrdzbnGSyIH5H98pijG\/1rqxLihns8Ap7uws3DXFb+g4N\/\/dxpjIQr3XhQ1z3M8Nvzj0\/WXYhv4xISuqpjfcFTh5Ugg6Tl\/\/xzEQd0JkI5AXdfpmh1gldL2cbDl1KxknOeJf+4e8KTcLOVHHMkpoO\/beyWllFIrlSlN4uRSaawaeVgT6Rz0VpEiC2xgtxnAwwMHUls2emShVyBhcw102QGYgX+jUYVil+PSPGSy2IerXlwcUXFelK+49x5RlsHW2ZUwbGNS+EwUng1CwaqBNA8QuW5fecV921PlA97PaVGchykYQdKWCwkOq+Qs5kDcSFrVk477N3xn+KqIP\/MhTQhjCqPF8bEJxb4bGQCLLprSZ4R6iA8pAf0ZEH9K0scmHM4WKHeQ+Oy+dClsDI6IgLiQwAx65TVBjC3SE+sK5cD6RCbEAJyAr0wAnL3laxlqCinaqnlRHw1HJhirI2ycp2YE8pMnmqeXeNE3fVik9QsepPh5BT8D9MVYAYZyy2kr1rXrfzS1aO80ScQnS6qJlK4pgCmMTXiNVb7ss7XvZ+YclF4jYt395kKCT+sl0CFqvCJsktAKcqelLC+eyMJVKZuAjRtdsPnejfu4jgPTLDWw57Io9N6FI\/g6aP9eFGSu1mt4Jf2DczLxDAuGAbd2DnX1Q2T+oyHtifY5CUHhO+Kki5vnckX+YO8vztouL\/8X5L74xW4sWTUQxsvXNyPyFuUpkxmZoodc4rvIGFYd0ChJX0ky4uwcB4B11KO8upRvW9+JklSNH12MwI1P19GZgzSd6JXj0PiN4QqHd6ERSH27xVGNyLjhRX\/5swKAE\/lftl6rMTL99OIH9TFG0fR3HFZzPsKzHYtoYUDnS2eVWplD\/EEEq\/+irD5gHXXIxW4Yst+oa4tAD+J2Rh1b5KhJ830qhQTWjc9kyCrQu1mqdLJ9ZUwGoRtaM9oX3yP5Ap2TF4IeB\/AO6qsYn61H09oBWqICrCI7V4V9uWHLvI+Od5MQzvrHmaiq3m4Pmxw6jgKYcfLbFvzLs6K2LvmjrH8xIxfGz0bJm2djJC7CvbA+eStuj49KhC8EZTrGF8ermkz2D2UxZpNN4iRZ9xutgGe9xZCh1Jt2aXsCTpR29XYlsf1vYw7MBh1Jn8mpUSfdyFlOpRZv8Q+aNM4\/AkawNkpZ522xo\/n3NBHTgf7W7mfiLHieoXimPM3Mhjpd9DL6wDY+x32YLvC3LhHiII2a63QJxN5w+4ChEKKVxNtL7v50\/vT+p8+xQgPhUfGogvsGICVXFL0PZ355v5gcZDizmKg+VUCka4MbcLlf2VbVTGyUyWC0piSaaKrBL\/mp6UFtGYFe2yNGUDkDDIjVXMpfaZQtACMfGKRGUtlUpAcUbcw+xz7XVMmSBoNpaP270LAuS9d9AGaIUOI2rkfIhx5LVal86ZhU\/7ME6mpSLNzdJTKeggZ62QrJ\/8sAue7ByCL4fPSQfyEeZjT6JLyPCQRMNQLsXSvpOM0RX3Ln2aXoEsgy5HtUeZoc0UcLT8r9tfx9WqlLupj+VNCsA8yNhaqGuRl3u01TY7ZRaQhdiD2VkiGXpJRnfzuXoncGP32qaZtl1Zsz1QWfOsUikY0o2BkowX5\/XUdmE2vmZb9gUcq+ZRe6LU2oyQIo3F4HIlTJo4V63ZaQgFAyakIL2N0IItiDs2KMI39zlxzIzqynm+doUoy6yXBUlez60No0M1qni19Y7FU\/lEuO5jb4CGo391cV+tdRWaWDU83BfI9kMaxSqgIinllFe+c1Rpmrl13HJesV03XR2LkriBv1K9ODV6pmbNMhwb9EwmapjDofwj3JeHJTCA+J0YVJthknxXmAyPHrI9JWFX3bwOgXBv12Pw+IVrnaCURjwGEQvgol6nTi+R5Kk8+z3TTdLSSNP350HNq\/KWsZgNnXFrbQS7YxP5k9SdDjm3QFHDiKR+NOziyPnSlq9Dg9ZsJ0GkwFZzrU9e4KUy2AlrJtILmiNvkoO138M7zIKwSytToARPDOTYX4TJl5ji3++WEXOiz7iK4l9HOEhw7hG\/m+dFWNOuQULD73B4GgWG\/FdQTf2DMFxC3uXu92DL6Kc118FI2lgFFmYVlTOLSo9kvpAa+91bA5tF0hXsH0os0MO+qHbRsO78E3XbU6FFbrSgD6V6C4uE47CMN4v\/x7uazgvTQtH+jU0ZR+yL+sgDqx7qFnM0Ke6CgJfK0q+zH0b8a2o4CEAxBsxJVPSKYPXSz0fYp3oL+E8Lf0JOyb5dugm+2uZclS622qPYEcqrAOSFgokpM7pP6n1GEB\/8lZspukMxhcocqiy2J0SCHihQF4mKzrGENRNPMuXIo9+N6V\/NoSYnExFlCLp9AVSvkMIiiSc62rXfQf3G01WdSYXeKDy6lhBRG+zpulbqe+rjoaXdZYXKoswNvac9k6m1W9GJzfbJ+pWEdHPwZ0qyutt\/FRpwyirOuDeyftU5HouKI4WJaMpq\/6HlZP1RpwEQbnvP32ZvOMW4hrEjvlsWJTy8Oez2jK8vzF2+0no7FiPY52wICyJbW+RiHHsKcp160zkCoXHQRRs\/Vsir8DU1TtVXrDt2m15i53v+UNky+URtDzPp1yzPvjhRUam3XmF0jWGwfxFaSL9SdFnD3GHYQyiLH\/Qvi8l\/lSufvyhvHllPmCTGbfjTqhX7+b3EDvsUrOUf6+bA2wpHDRIyrjcYYNIoFM9tcCdtQ6TjCvqj+gYdwywPjeR2e9jNvbcZl6WwYcn4iouMNgRrvnf7f2BFC4RbJhKREgu9qkvN9NRdd6QAvA5W1vFJBxgMSZ04wsg\/K6OCwfZPEd5xNRru3FEfYxRFQ3zTVNq05T2RB76i8FAJ5xJjoopbyDHZxuz+NWXMghMRObzkdm7M+Z0nE9OCwb1DWFElBHAqzmb7hF\/UNhtemRkzkWIEfi+gFKFzCJyIKsODqpDdrpbrQd6qrImJUIFsQ\/AQ13dqvAWLlzuWCOUz1jg4rumWrEvFcAdhhOMfOoecng2MY54BaLtF3F8kFutu8zWsQ0sX58LgDkeEu5VBNIoxop\/A3tFxRL1rEggpWAS0sjteSOcqEyj5eHpYFXVtfZy7mge1kbRKu7AFth68KJJLmIIxapmnF7bvTJ6VDI5KbLuSdctttrdeU7UQMcKp+SQEhYK0GFpidZRNi0lI9LdH8CMvP19ik9T34fvdSbbDoOhynqU97g2EOBRxdZfHl26rBSJASi3JSy+WEPo8AzMSKfGdZfeTSnyXwgWkzuVzIipm2SZybpF\/F\/FoO0ELCkFZKSMbRFDPnmZ2ZuOR\/8H+VMQMm8IK7z3Jq+2tb1L0lAuUZw+LQhTSvUs5BkbuMhW9mihRlbHYyRsAD4eF0i5XkvOL2eDREarZpCNEWbzMUwGCZR1Cbbc+pFFZHw++CkhhVT9ph1GLt2VSNup7HfQLRGk259jiUOsfC7t4hPQGOd7hr76fcjSF1uk7U7uILIj+OKSRZXMr+ILb5HEcHbCWv4OLVbFXKUUGiplEu1S2VHJYB0ITahDLMeTRDNDZEo5xJDYrci+r5nJePS7EOLxMmWenNKTGBp28zd6bbeWEQ2YgebEXgjaclKLWy2pOjcnRuXGnwpotPWjCYrQ3f5POoJYwHmZV95HyURZIC8kV11UQjWoFW8CvjGD2m+vIiMdg544wwmS2jvbx3MYEGoqGpFmgUH77o6Rg2HK0lNp91btv\/EnQ7Lb8wYsEZqrrbJn70I3LxbX+6aztt34VPdp8t\/cyG2ZGR5OeF0cPbQHhWnYaXDvUcJyW8C6JOxJn+a9voN1NTP9ItX+wQw9DWkvx5pf\/PPpGrmKpM3bV3zAsLLK130f0YUAgqLyscbWIWfzd1b9iI7+XSSEdMGMUwUGhqvPeib3bjiyOvq5ODd62YnMMsrLWaNZL\/UlsVQS0J4TntxlMnejKlba55TMl4s3lb4+DEdjSMSxYp5cjkEt5KqEA4SaF9\/qoqmkVZPR+BAOSVINcehYqbomdzf1fsyPhJcni0aBTqMYt4lxfg6ETUITpZN\/1iA4PTkn873Uy56hS+cPIBRTBLHlO9F2\/T+kMcgtPGZ6\/kGUxPQzSlHUQYx5fKV2y6+snsoKqZyhcPeDeNfT484++p6GpBgg0dU9Te8nK9X5XLbn8OapIKPIziFqcS2ZtNTImWg7onsV2adetEmkxZg1Kcgj6zIEJHQvnA7Zajam63EF\/\/H9lx0O4rMvhZXBmGAwGelZ7rTA6WVIfGiGBvBetZaeZxL2rtXk00RohIULw1zTjhipIVNwrovnEaA\/oEVgYA588VXGXWLDt+Tfg8BrICWkf+GVHcV9yQAWGg+vrTgavf2g8VT6mhXwujcxZzQxRe+bbpjUfPiLtd8axkvDbe0L2V9qfKtySFdw2Xj1EvUfBbMrs0DqN\/wyn1hR9ZM75aUCYjZhLsspmbNnHpPiTmKou77WKaIfoWqBJyoupKDbUqCXywrJH5dzR6gRuLBRYEfLuVRA3OAp+Kxxcq+RV1inb5UJ1Hc\/LKOsQ5kpJntOxnWhw+mcYrjURjbjSKeIVbBUP1aj2ZskxjtmGgtAnrhgI8cdRzXa+puh4kelGKUML\/KX7xcgdBqI777ducmQ50T0a\/7nHLyMEf2p9i7woldUGvz6r\/VivBQclDD8hiJNrRCDVELpXAtR4fMgCRvy3FHp\/bhCXwHKmFUBisncaCqGUrPfg9MhvAR\/Wh8gFAOL2uyNnV2wq1pghXxhwwUsrve3NPbwq\/sOdBfJlUL8gFFe388ZsaR\/J5B30PFKFxuvq+xqmh228Xk2cyGWbcUg8yaMwR8mx5PiLPPwtnNdseNSf7Sb2lAzQxcOKY9HUVp8k+kzbWZ\/rGvPSp0L4RTc8nGdrc3z0szg6hEAdewp2KpmcurXEOPgNC4r5CLhh1I\/sujxRAyf86TV9xw93yxCOh5d2qLos+asEPA+OOl\/KozE9YZSUMgeBbqsFXsNfA\/WPcCIoJWraAE8yrBRn0iROt6UMUP3hqgFngjuwYL8U4UWApA8JQ0mqN1VR3jmSJp75LJD9XVDhG\/1D1Ot3mtNfQvk+4ROXdw9harboPljyeCkSDaIKm4kQx0fg5Xq7PyHPy0AGuVXksy9WjINdP49sVnMw6Zy4otyfNsXQpkpmxkviaFdsx9xdOPgQT064vB+vdWfXUA4Mtlcn6WGJepGwtjxI+KvkS+VDKXS\/vDXZS2PE7Iixj7dKDAl\/yRR7yqaqG+U\/ibqFmoKn7JemHBdJrejHdjzbvePhuCn8mIptd79tnc155a2M8uBfaNuQB84hyx+jnXegnBGpn2zf\/Y8MCYAEKC3wFyZf+cqKA5zbjU088s17EqdH1KkN0bHvJA42a3AdKQ0goTc5+Kj888OK2OcXb3lhX52sI8nrcc2Ds2X6ZsWu3dXBzkMkHwSYdydX2ENNSVfxJls5qKxGCj6ICNMZqLmfJ5nItBipOROWfeN5rXn0GywduGvN9C5phVFky7AUua6BViyjC9z7ysr9fdSVDyRxmZrrSbLan2N7dVc\/\/jBrJcpDWJznX0oS6fHzWZhXS8DXpBFQ0kOkQ5IQqEzABQoR5b+90wfRygMvZ3LnyKs7VNxTvrk6cpJmjxFilDb2yMsjTo1I975clD6jwdSbwfrBIEx5QRU\/icszXIec7MNJlx5JFI76KpvJrAWzLIBAIzYXcNuCBDINEJpxVLkS0NV6P5F9A\/3dRnG7naTnpq6wnXz8Y4KBaRRzq2cHxycUwa6zcRVTTOF8cYVRXPXhDHR6gzJqNG2u86TMtcEl+t4vT2SKECB\/Gc8Xp8POV0BNYefXsY8sDXIjuU\/FwP8dpNrBamwA4ZEj3Ap9D0X8H8U1i9yM+4eeT3n4p3412pLMs9I25vm8Jr6N06crzmINL7o+rcqoDXb7gyvE6GcycLiSUKFTlg6ZcMUbir3e8VG5zd0ocBmVFVJ3AnbARrVknaTD8hwo\/RP3sHejOt\/LO5A9wxxeCyEh9cdhWeFy5BNXGsZuerFWndMeloWIQSXgKkpBQm23yuhHkthnBSjTv6bjH4APms12AgoYnDn\/5Xe9i6jo3\/Q7f+wolDHv797IVqQcu98grU\/dk1v8NyojnciN18vaX+HmB571Xq6U\/uCYk6SnAed5dqSHIvuYx6gZxf5OS+VkfsSZOqdIkwZl8i\/yrGkyxhQj3zEZt8zqHCe+imVyrATdlxhbk+4Hzekiu4dbGKygx98ZzyrWKwIQS0cJo9s4pMuzhS2cx\/QIf8SS9y1gzc81vGQL86SZzrzfSCWDdANjfhZlKbf+PbfD7jl5l90imXA4pZrs4y+5MKUPnxFPnrqkUmN3rzAxweecyrN\/avBE7iXf2b5G7tisLCgDMzMzf4nzyHK\/TgJSkxo5OemYBXExP0TVMsRbeTLZCnU1fUjqMHG+CkvIsoXO35LLYSIqxPyUOUZ9B7FxP3zuHtkXVPz4YrrcpT81XfQ0gP06iYEnykw\/+LQr1Cz3FbrKtqvGO\/FFE0iQao29mGWT0O4W1WBHttiP+6VmHxxzjyVUEubKaZxgQ9b1CMmvEjRBq7bSHsQOBsPNQZR4NwKALIsRHDm\/dd0iuOHYwEEnmKgZ22ige5JH0CnOPHIYsLP9XAGQV5hcahkxy\/k4Nch4CDZHGCmdjF2eS2B2ME8H0cAeip0oOpC+l\/ecxQNrf3EnsR2kN0Y23Vohdtqcp14e7WW3bcTE7oersk6f2Scdq7SjlDTCK9f8s1cK9By3hKS7\/Cx6PC+x7X9C6n0wYN1P5uxcBWJth\/WS6wvmd7n+uHcVhf1L9ZP4vYLvzWo8FmY75LSMksnJ4Xjx91sR4RdaZFPT\/c6c+N4\/RE0ywYGdL2DrFkZ0UsHN3oD\/Wd94hiFt+wEUTOv3QC7d81O+7adXBvWZfJpaGGzgsh8W7R95SUI\/lJPcJFvSYTOh78BF3bAnHeFKFEPDHmqTCsRycj9\/GvzKGjV3ugV2w\/xGzDCOUTVsowPUVqEikUe3g4hP\/2GROT90rbLpYmu5wagkQ0IOLrBEhgbf21Vr9VavNRmACBmXQSVW4c5+RYpteRfnx858WOYUOc0HQmOcXw3GIyWJympX7+s89fA3IG7m9qAyoXQGe2BVaJnwfVWUC7CYNORvh+rDCWGvzvTfV+oafKNBoChl3JkemBLcfbV2JCHS\/T\/NRZ9aCgxjovF7YV1AVdbD63fZzMo4\/RttBhqn9iGkLKCLoMtmpdXpL2WBCRtL\/1lWgPTTjJMHnvw3pynalTTdiv7BpwdinoHBxpK8q3ev57K+PavF0ni3gua8xKHqou0wzrnQl3IoUI1LgBO3o+CJJQM+xSttGKrr33yYZRsy4PBQTaioSUYKjhi4dKEHPeihG5d\/1EcqNQ64pKU+9m3YCFhvaLGQg1DwbmnSgV2hKRWgdxcX5z5EOFqxoJdyU5nWS2C2qyj0WAEYPhtLAL9Nq7aK8A5Y4d9mEmYDZDSVGeJYansW3DT3k5HlOYZSsLyVhy3HioN7y3WaLrdKJLCyS99272dCRBVsI+Q8v18YCdRnVW1fZ49FyIbVu8DONNcQlEAoUubljIkJRryZ3rPkZZCEoBIS\/N+ez5\/Ccvc\/D8Cu2uvmSgxGTON2RLl+QQRH2UJbYV